# x
5.000000000000000000e+00
5.000000000000000000e+00
5.000000000000000000e+00
6.000000000000000000e+02
5.000000000000000000e+00
6.000000000000000000e+02
5.000000000000000000e+00
5.000000000000000000e+00
5.000000000000000000e+00
6.000000000000000000e+02
5.000000000000000000e+00
6.000000000000000000e+02
5.000000000000000000e+00
5.000000000000000000e+00
6.000000000000000000e+02
5.000000000000000000e+00
6.000000000000000000e+02
6.000000000000000000e+02
6.000000000000000000e+02
6.000000000000000000e+02
4.512500000000000000e+02
1.537500000000000000e+02
2.281250000000000000e+02
5.256250000000000000e+02
3.768750000000000000e+02
7.937500000000000000e+01
1.165625000000000000e+02
4.140625000000000000e+02
5.628125000000000000e+02
2.653125000000000000e+02
1.909375000000000000e+02
4.884375000000000000e+02
3.396875000000000000e+02
4.218750000000000000e+01
6.078125000000000000e+01
3.582812500000000000e+02
5.070312500000000000e+02
2.095312500000000000e+02
2.839062500000000000e+02
5.814062500000000000e+02
4.326562500000000000e+02
1.351562500000000000e+02
9.796875000000000000e+01
3.954687500000000000e+02
5.442187500000000000e+02
2.467187500000000000e+02
1.723437500000000000e+02
4.698437500000000000e+02
3.210937500000000000e+02
2.359375000000000000e+01
3.289062500000000000e+01
3.303906250000000000e+02
4.791406250000000000e+02
1.816406250000000000e+02
2.560156250000000000e+02
5.535156250000000000e+02
4.047656250000000000e+02
1.072656250000000000e+02
1.444531250000000000e+02
4.419531250000000000e+02
5.907031250000000000e+02
2.932031250000000000e+02
2.188281250000000000e+02
5.163281250000000000e+02
3.675781250000000000e+02
7.007812500000000000e+01
5.148437500000000000e+01
3.489843750000000000e+02
4.977343750000000000e+02
2.002343750000000000e+02
2.746093750000000000e+02
5.721093750000000000e+02
4.233593750000000000e+02
1.258593750000000000e+02
8.867187500000000000e+01
3.861718750000000000e+02
5.349218750000000000e+02
2.374218750000000000e+02
1.630468750000000000e+02
4.605468750000000000e+02
3.117968750000000000e+02
1.429687500000000000e+01
1.894531250000000000e+01
3.164453125000000000e+02
4.651953125000000000e+02
1.676953125000000000e+02
2.420703125000000000e+02
5.395703125000000000e+02
3.908203125000000000e+02
9.332031250000000000e+01
1.305078125000000000e+02
4.280078125000000000e+02
5.767578125000000000e+02
2.792578125000000000e+02
2.048828125000000000e+02
5.023828125000000000e+02
3.536328125000000000e+02
5.613281250000000000e+01
7.472656250000000000e+01
3.722265625000000000e+02
5.209765625000000000e+02
2.234765625000000000e+02
2.978515625000000000e+02
5.953515625000000000e+02
4.466015625000000000e+02
1.491015625000000000e+02
1.119140625000000000e+02
4.094140625000000000e+02
5.581640625000000000e+02
2.606640625000000000e+02
1.862890625000000000e+02
4.837890625000000000e+02
3.350390625000000000e+02
3.753906250000000000e+01
2.824218750000000000e+01
3.257421875000000000e+02
4.744921875000000000e+02
1.769921875000000000e+02
2.513671875000000000e+02
5.488671875000000000e+02
